Optimized Parameters:
phi: 34.766771
hs: 46281236.633659
n: 0.245214
alpha: 0.627841
beta: 0.108904
r_param: 0.782716
c: 2.608180
mR: 3.130177
mT: 2.412228
Rparam: 0.000111
betar: 0.565761
chi: 1.750869
