tests   = ["tcui8","tcui9","tcui10","tcui20","tcui19","tcui18"]';
Dr_pts  = [0.62  0.68  0.61  0.79  0.78  0.78]';
CSR_pts = [0.20  0.25  0.30  0.50  0.40  0.30]';
chi_cal = [13.7 16.7 26.8 33.53 24.8 16.0]';           % χ_max medido/calibrado

